              precision    recall  f1-score   support

           A       1.00      1.00      1.00         7
           B       1.00      1.00      1.00         8
           C       1.00      1.00      1.00         8
           D       0.67      0.50      0.57         8
           E       0.45      0.62      0.53         8
           F       0.71      0.62      0.67         8
           G       0.58      0.88      0.70         8
           H       0.50      0.25      0.33         8
           I       0.50      0.43      0.46         7
           J       0.30      0.43      0.35         7
           K       0.36      0.50      0.42         8
           L       0.43      0.43      0.43         7
           M       0.33      0.43      0.38         7
           N       0.20      0.14      0.17         7
           O       0.75      0.38      0.50         8
           P       0.42      0.62      0.50         8
           Q       0.23      0.43      0.30         7
           R       0.33      0.14      0.20         7
        Rest       0.00      0.00      0.00         8
           S       0.33      0.12      0.18         8
           T       0.44      1.00      0.62         8
           U       0.80      0.57      0.67         7
           V       0.57      0.50      0.53         8
           W       0.67      0.50      0.57         8
           X       0.71      0.62      0.67         8
           Y       0.88      0.88      0.88         8
           Z       1.00      0.75      0.86         8

    accuracy                           0.55       207
   macro avg       0.56      0.55      0.54       207
weighted avg       0.57      0.55      0.54       207
