              precision    recall  f1-score   support

           A       0.93      1.00      0.96       191
           B       0.98      0.97      0.98       191
           C       0.90      0.95      0.92       191
           D       1.00      0.85      0.92       191
           E       1.00      0.84      0.91       191
           F       0.94      0.97      0.96       191
           G       0.99      0.97      0.98       192
           H       0.95      0.96      0.96       192
           I       0.99      0.94      0.97       191
           J       0.99      0.97      0.98       191
           K       0.99      0.84      0.91       192
           L       0.95      0.97      0.96       191
           M       0.82      0.99      0.90       191
           N       0.94      0.97      0.96       191
           O       0.72      0.98      0.83       192
           P       0.97      0.94      0.95       191
           Q       0.98      0.98      0.98       191
           R       0.98      0.95      0.97       191
        Rest       0.56      0.40      0.47       191
           S       0.79      1.00      0.88       192
           T       0.88      0.98      0.93       192
           U       0.99      0.87      0.92       191
           V       0.96      0.97      0.97       191
           W       0.99      0.90      0.94       191
           X       0.99      0.97      0.98       191
           Y       0.99      0.94      0.96       191
           Z       0.99      1.00      1.00       192

    accuracy                           0.93      5164
   macro avg       0.93      0.93      0.93      5164
weighted avg       0.93      0.93      0.93      5164
